22833168026
0
0
0
0
2445657977
0
0
9049764438
0
2513873544
2554887223
2429344841
0
0
0
0
0
0
1033847632
0
2001420669
1823611845
0
1689522275
2640626215
0
1705020452
0
0
763487316
0
2220030978
0
0
0
2178352587
1336860000
1202839037
0
0
0
733578909
3359000856
1517894638
0
4103640132
0
0
0
3435629381
2462505946
0
981769232
3957203467
0
0
1734755664
3464722935
1633595990
2864882123
2435449198
2025152518
3033440677
4514690311
1989393455
1484792525
7069504830
5493556403
3051530251
4842551243
1030530252
5984058576
2165579201
13119099896
9365014521
11080376326
8962102753
9539811971
15918114836
12212798231
14864372539
13079745212
7957860789
13530554145
19395346850
21194847812
11741588363
21127200445
22478273194
20715808284
28816777919
27558872095
37598462911
34973973242
47148101557
37303684209
40222459620
39995456786
36838121886
48276232992
47798680562
45307358389
45380549105
49284011472
49657673237
47526084041
39916970369
35778732794
41208741963
39478454791
34505549669
42338138580
25208148163
30035985004
21008642094
27237954501
20088917341
19659097970
17760748450
20884015306
14939620057
16429066759
11309667758
5157620457
9992024897
22321424754
5693033813
8335712972
10192181215
5006985721
6459074576
4699871577
6357776192
4309880254
6993796174
4897562441
4884545071
9715482910
4946315251
5115774437
833549286
495748075
553561689
5175463819
3230943084
4083357410
1414570480
0
2645343738
1652122549
1317417294
3112817748
3059590331
1872765677
2846394591
0
0
0
3717615147
3714654201
0
6408243148
4660071376
623606542
0
0
0
0
0
0
0
0
0
0
0
0
3206547088
4235701253
0
0
0
825900788
0
0
3476340151
2904189044
0
0
0
4926109291
1099025936
0
0
0
0
0
0
0
1420506358
0
